1.0,0.0,0.0,0.0,1.0,0.0,4.0,0.8,2.0,3.0,13308.0,
1.0,0.0,0.0,0.0,1.0,0.0,4.0,0.8,2.0,3.0,12324.0,
1.0,0.0,0.0,0.0,1.0,0.0,4.0,0.8,2.0,3.0,12324.0,
1.0,0.0,0.0,0.0,1.0,0.0,4.0,0.8,2.0,3.0,12324.0,
1.0,0.0,0.0,0.0,1.0,0.0,4.0,0.8,2.0,3.0,12324.0,
1.0,0.0,0.0,0.0,1.0,0.0,4.0,0.8,2.0,3.0,12324.0,
1.0,0.0,0.0,0.0,1.0,0.0,4.0,0.8,2.0,3.0,12324.0,
1.0,0.0,0.0,0.0,1.0,0.0,4.0,0.8,2.0,3.0,12324.0,
1.0,0.0,0.0,0.0,1.0,0.0,4.0,0.8,2.0,3.0,12324.0,
1.0,0.0,0.0,0.0,1.0,0.0,4.0,0.8,2.0,3.0,12324.0,
1.0,0.0,0.0,0.0,1.0,0.0,4.0,0.8,2.0,3.0,12324.0,
1.0,0.0,0.0,0.0,1.0,0.0,4.0,0.8,2.0,3.0,12324.0,
1.0,0.0,0.0,0.0,1.0,0.0,4.0,0.8,2.0,3.0,12324.0,
1.0,0.0,0.0,0.0,1.0,0.0,4.0,0.8,2.0,3.0,12324.0,
1.0,0.0,0.0,0.0,1.0,0.0,4.0,0.8,2.0,3.0,12324.0,
