2.0,0.0,0.0,1.0,0.0,0.0,8.0,1.0,2.0,6.0,586.0,100000.0,1000.0,0.01,0.0,8,10,0.1,0.35,10
2.0,0.0,0.0,1.0,0.0,0.0,8.0,1.0,2.0,6.0,690.0,100000.0,10000.0,0.1,0.0,10,14,0.05,0.45,12
2.0,0.0,0.0,1.0,0.0,0.0,8.0,1.0,2.0,6.0,1725.0,100000.0,100000.0,1.0,0.0,7,9,0.13,0.3,20
2.0,0.0,0.0,1.0,0.0,0.0,8.0,1.0,2.0,6.0,6740.0,1000000.0,1000.0,0.001,0.0,10,10,0.15,0.3,8
2.0,0.0,0.0,1.0,0.0,0.0,8.0,1.0,2.0,6.0,6861.0,1000000.0,10000.0,0.01,0.0,12,18,0.2,0.35,16
2.0,0.0,0.0,1.0,0.0,0.0,8.0,1.0,2.0,6.0,8072.0,1000000.0,100000.0,0.1,0.0,18,20,0.15,0.5,20
2.0,0.0,0.0,1.0,0.0,0.0,8.0,1.0,2.0,6.0,20182.0,1000000.0,1000000.0,1.0,0.0,12,20,0.15,0.3,8
2.0,0.0,0.0,1.0,0.0,0.0,8.0,1.0,2.0,6.0,77054.0,1.0E7,1000.0,1.0E-4,0.0,20,12,0.05,0.45,40
2.0,0.0,0.0,1.0,0.0,0.0,8.0,1.0,2.0,6.0,77193.0,1.0E7,10000.0,0.001,0.0,18,10,0.1,0.6,50
2.0,0.0,0.0,1.0,0.0,0.0,8.0,1.0,2.0,6.0,78579.0,1.0E7,100000.0,0.01,0.0,10,8,0.2,0.4,20
2.0,0.0,0.0,1.0,0.0,0.0,8.0,1.0,2.0,6.0,92447.0,1.0E7,1000000.0,0.1,0.0,9,10,0.1,0.4,10
2.0,0.0,0.0,1.0,0.0,0.0,8.0,1.0,2.0,6.0,231119.0,1.0E7,1.0E7,1.0,0.0,12,20,0.15,0.4,10
2.0,0.0,0.0,1.0,0.0,0.0,8.0,1.0,2.0,6.0,43617.0,2000000.0,2000000.0,1.0,0.0,14,18,0.05,0.35,20
2.0,0.0,0.0,1.0,0.0,0.0,8.0,1.0,2.0,6.0,113930.0,5000000.0,5000000.0,1.0,0.0,20,18,0.15,0.45,50
2.0,0.0,0.0,1.0,0.0,0.0,5.0,0.8,1.0,5.0,1725.0,100000.0,100000.0,1.0,0.0,4,4,0.1,0.5,10
2.0,0.0,0.0,1.0,0.0,0.0,5.0,0.8,1.0,5.0,78189.0,1.0E7,100000.0,0.01,0.0,6,10,0.15,0.3,8
2.0,0.0,0.0,1.0,0.0,0.0,5.0,0.8,1.0,5.0,92447.0,1.0E7,1000000.0,0.1,0.0,12,8,0.1,0.45,24
2.0,0.0,0.0,1.0,0.0,0.0,5.0,0.8,1.0,5.0,231117.0,1.0E7,1.0E7,1.0,0.0,10,9,0.05,0.3,16
2.0,0.0,0.0,1.0,0.0,0.0,5.0,0.8,1.0,5.0,78189.0,1.0E7,100000.0,0.01,0.0,16,20,0.1,0.4,50
2.0,0.0,0.0,1.0,0.0,0.0,5.0,0.8,1.0,5.0,92447.0,1.0E7,1000000.0,0.1,0.0,18,14,0.05,0.5,48
2.0,0.0,0.0,1.0,0.0,0.0,5.0,0.8,1.0,5.0,231117.0,1.0E7,1.0E7,1.0,0.0,10,10,0.2,0.3,60
2.0,0.0,0.0,1.0,0.0,0.0,5.0,0.8,1.0,5.0,142.0,10000.0,10000.0,1.0,1.0,6,8,0.1,0.5,28
2.0,0.0,0.0,1.0,0.0,0.0,5.0,0.8,1.0,5.0,846.0,50000.0,50000.0,1.0,0.0,14,16,0.15,0.5,36
