8.0,2.0,16.0,10.0,3.0,1.0,46.0,1.0232558139534884,9.0,12.0,10.0,0.0,0.0,1985.7240373893426,3861697.303947442,2150.614842454395,7771096.627262046,0.0,0.0,3939.6891403567947,1.5285434188494258E7,1.0,0.0,0.0,0.0,0.0,0.0,1.4942646436531026,0.3380463528577342,1.0,0.0,0.0,0.0,0.0,0.0,6,9,0.2,0.6,4
11.0,2.0,16.0,16.0,4.0,1.0,37.0,1.02,12.0,12.0,10.0,0.0,0.0,0.0,0.0,0.0,0.0,0.0,0.0,0.0,0.0,0.0,0.0,0.0,0.0,0.0,0.0,0.0,0.0,0.0,0.0,0.0,0.0,0.0,0.0,8,8,0.15,0.2,1
2.0,3.0,5.0,4.0,1.0,1.0,16.0,0.9473684210526315,3.0,14.0,10.0,0.0,0.0,0.0,0.0,1.0,0.0,0.0,0.0,0.0,0.0,0.0,0.0,0.0,0.0,0.0,0.0,0.0,0.0,0.0,0.0,0.0,0.0,0.0,0.0,4,3,0.2,0.6,8
5.0,2.0,2.0,2.0,4.0,1.0,16.0,0.96,6.0,8.0,10.0,0.0,0.0,0.0,0.0,182.2139303482587,32838.48855226356,0.0,0.0,0.0,0.0,0.0,0.0,0.0,0.0,0.0,0.0,0.0,0.0,0.0,0.0,0.0,0.0,0.0,0.0,6,7,0.2,0.6,28
3.0,2.0,4.0,5.0,1.0,1.0,13.0,0.9411764705882353,4.0,10.0,10.0,0.0,0.0,0.0,0.0,6208.892620232172,7.266360438790329E7,0.0,0.0,0.0,0.0,0.0,0.0,0.0,0.0,0.0,0.0,0.0,0.0,0.0,0.0,0.0,0.0,0.0,0.0,12,7,0.1,0.2,30
5.0,4.0,6.0,4.0,3.0,2.0,20.0,0.9629629629629629,6.0,12.0,10.0,0.0,0.0,0.0,0.0,0.0,0.0,0.0,0.0,409608.9587693795,3.1919195555441296E11,0.0,0.0,4.5,12.25,1.5236390306473429,0.0,0.0,0.0,0.0,0.0,0.0,0.0,0.0,0.0,7,9,0.1,0.5,14
7.0,2.0,4.0,8.0,4.0,1.0,24.0,1.0,8.0,13.0,10.0,1.4510360563529756,0.17146160222160464,0.0,0.0,46.098626716604244,2033.88613172361,0.0,0.0,0.0,0.0,0.0,0.0,0.0,0.0,0.0,0.0,0.0,0.0,0.0,0.0,0.0,0.0,0.0,0.0,7,7,0.15,0.4,30
6.0,2.0,4.0,9.0,2.0,1.0,18.0,0.967741935483871,7.0,13.0,10.0,1.5,0.25,0.0,0.0,0.0,0.0,0.0,0.0,0.0,0.0,411600.3333333333,1.6313967226688892E11,0.0,0.0,0.0,0.0,0.0,0.0,0.0,0.0,0.0,0.0,0.0,0.0,18,11,0.1,0.3,18
5.0,2.0,4.0,7.0,2.0,1.0,18.0,0.96,6.0,11.0,10.0,0.0,0.0,0.0,0.0,0.0,0.0,0.0,0.0,0.0,0.0,0.0,0.0,0.0,0.0,0.0,0.0,0.0,0.0,0.0,0.0,4.75,14.0625,0.0,0.0,7,7,0.05,0.2,1
5.0,2.0,12.0,5.0,4.0,1.0,33.0,1.0,6.0,8.0,10.0,0.0,0.0,0.0,0.0,182.2139303482587,32838.48855226356,0.0,0.0,0.0,0.0,0.0,0.0,0.0,0.0,0.0,0.0,0.0,0.0,0.0,0.0,0.0,0.0,19299.983984098722,6.906489425819248E8,18,11,0.15,0.25,4
2.0,3.0,5.0,4.0,1.0,1.0,17.0,0.95,3.0,15.0,10.0,0.0,0.0,0.0,0.0,1.0,0.0,0.0,0.0,0.0,0.0,0.0,0.0,0.0,0.0,0.0,0.0,0.0,0.0,0.0,0.0,0.0,0.0,0.0,0.0,12,8,0.1,0.6,12
3.0,2.0,4.0,1.0,3.0,1.0,14.0,0.9473684210526315,4.0,11.0,10.0,0.0,0.0,0.0,0.0,1.0,0.0,0.0,0.0,0.0,0.0,0.0,0.0,0.0,0.0,0.0,0.0,0.0,0.0,0.0,0.0,0.0,0.0,0.0,0.0,3,2,0.1,0.4,28
3.0,2.0,4.0,3.0,2.0,1.0,15.0,0.9473684210526315,4.0,11.0,10.0,0.0,0.0,0.0,0.0,0.0,0.0,0.0,0.0,0.0,0.0,0.0,0.0,0.0,0.0,0.0,0.0,0.0,0.0,0.0,0.0,0.0,0.0,0.0,0.0,18,10,0.2,0.6,24
12.0,5.0,13.0,15.0,4.0,3.0,30.0,1.0392156862745099,20.0,12.0,10.0,1.1765540845294633,0.031171344764036876,3950.8442128359848,0.0,2150.614842454395,7771096.627262046,0.0,0.0,7849.348228882834,0.0,0.0,0.0,0.0,0.0,0.0,0.0,1.0,0.0,0.0,0.0,0.0,0.0,0.0,0.0,9,11,0.15,0.4,8
14.0,5.0,19.0,21.0,4.0,2.0,30.0,1.0338983050847457,22.0,12.0,10.0,1.1765540845294633,0.031171344764036876,0.0,0.0,2150.614842454395,7771096.627262046,0.0,0.0,0.0,0.0,0.0,0.0,0.0,0.0,0.0,0.0,66.3013383222298,2132.836911228233,0.0,0.0,0.0,0.0,0.0,0.0,16,10,0.15,0.6,20
10.0,3.0,15.0,17.0,3.0,1.0,34.0,1.0222222222222221,12.0,14.0,10.0,1096.774193548387,0.0,0.0,0.0,0.0,0.0,0.0,0.0,0.0,0.0,0.0,0.0,0.0,0.0,0.0,0.0,0.0,0.0,32463.64307141748,2.858140881356064E9,0.0,0.0,0.0,0.0,18,9,0.05,0.3,18
7.0,2.0,4.0,7.0,4.0,1.0,23.0,1.0,8.0,12.0,10.0,1.4510360563529756,0.17146160222160464,0.0,0.0,2150.614842454395,7771096.627262046,0.0,0.0,0.0,0.0,0.0,0.0,0.0,0.0,0.0,0.0,0.0,0.0,0.0,0.0,0.0,0.0,0.0,0.0,10,9,0.2,0.25,20
4.0,2.0,4.0,3.0,3.0,1.0,16.0,0.9545454545454546,5.0,9.0,10.0,0.0,0.0,0.0,0.0,0.0,0.0,0.0,0.0,0.0,0.0,0.0,0.0,0.0,0.0,0.0,0.0,0.0,0.0,0.0,0.0,0.0,0.0,0.0,0.0,8,9,0.05,0.25,28
4.0,2.0,4.0,3.0,3.0,1.0,18.0,0.9583333333333334,5.0,11.0,10.0,1.5,0.25,0.0,0.0,0.0,0.0,0.0,0.0,0.0,0.0,0.0,0.0,0.0,0.0,0.0,0.0,0.0,0.0,0.0,0.0,0.0,0.0,0.0,0.0,4,8,0.1,0.25,16
5.0,6.0,36.0,6.0,5.0,7.0,19.0,0.984375,6.0,15.0,10.0,0.0,0.0,0.0,0.0,0.0,0.0,73098.04627893954,1.5391406821006104E10,0.0,0.0,0.0,0.0,0.0,0.0,0.0,0.0,0.0,0.0,0.0,0.0,0.0,0.0,0.0,0.0,4,6,0.2,0.45,20
7.0,2.0,4.0,7.0,4.0,1.0,22.0,0.967741935483871,8.0,10.0,10.0,1.4510360563529756,0.17146160222160464,0.0,0.0,2150.614842454395,7771096.627262046,0.0,0.0,0.0,0.0,0.0,0.0,0.0,0.0,0.0,0.0,0.0,0.0,0.0,0.0,0.0,0.0,0.0,0.0,6,9,0.15,0.45,12
4.0,4.0,4.0,6.0,2.0,2.0,26.0,1.0,8.0,12.0,10.0,0.0,0.0,0.0,0.0,0.0,0.0,0.0,0.0,0.0,0.0,0.0,0.0,0.0,0.0,0.0,0.0,0.0,0.0,0.0,0.0,0.0,0.0,0.0,0.0,5,4,0.1,0.25,4
6.0,2.0,12.0,7.0,4.0,1.0,31.0,1.0,8.0,10.0,10.0,0.0,0.0,0.0,0.0,0.0,0.0,0.0,0.0,0.0,0.0,0.0,0.0,0.0,0.0,0.0,0.0,0.0,0.0,2404.346153846154,5776072.7352071,0.0,0.0,0.0,0.0,6,11,0.15,0.35,30
17.0,2.0,24.0,22.0,9.0,1.0,41.0,1.0277777777777777,18.0,12.0,10.0,0.0,0.0,0.0,0.0,0.0,0.0,0.0,0.0,0.0,0.0,0.0,0.0,0.0,0.0,0.0,0.0,0.0,0.0,68.1773145641581,4512.791592051847,0.0,0.0,0.0,0.0,5,9,0.15,0.3,14
4.0,2.0,6.0,1.0,4.0,2.0,19.0,1.0,5.0,11.0,10.0,0.0,0.0,0.0,0.0,1.0,0.0,0.0,0.0,2669.740723098332,1.3416669987105394E7,0.0,0.0,0.0,0.0,0.0,0.0,0.0,0.0,0.0,0.0,0.0,0.0,0.0,0.0,3,5,0.2,0.4,18
10.0,2.0,14.0,3.0,10.0,1.0,43.0,1.125,15.0,13.0,10.0,0.0,0.0,0.0,0.0,0.0,0.0,0.0,0.0,0.0,0.0,0.0,0.0,0.0,0.0,0.0,0.0,0.0,0.0,0.0,0.0,0.0,0.0,0.0,0.0,6,8,0.05,0.6,20
4.0,2.0,4.0,1.0,4.0,1.0,17.0,0.9565217391304348,5.0,7.0,10.0,0.0,0.0,0.0,0.0,906.9490718450758,1072374.3763423318,194816.27137938494,6.8412631078852234E10,0.0,0.0,0.0,0.0,0.0,0.0,0.0,0.0,47658.828422040955,4.304603709481947E9,0.0,0.0,17.5,272.25,0.0,0.0,12,10,0.05,0.5,14
8.0,2.0,16.0,10.0,3.0,1.0,46.0,1.0238095238095237,9.0,12.0,10.0,0.0,0.0,1985.7240373893426,3861697.303947442,6208.892620232172,7.266360438790329E7,0.0,0.0,3939.6891403567947,1.5285434188494258E7,1.0,0.0,0.0,0.0,0.0,0.0,1.4942646436531026,0.3380463528577342,1.0,0.0,0.0,0.0,0.0,0.0,7,8,0.2,0.25,10
3.0,3.0,5.0,4.0,2.0,1.0,19.0,0.9565217391304348,4.0,14.0,10.0,0.0,0.0,0.0,0.0,182.2139303482587,32838.48855226356,0.0,0.0,0.0,0.0,0.0,0.0,0.0,0.0,0.0,0.0,0.0,0.0,0.0,0.0,17.5,272.25,0.0,0.0,3,4,0.2,0.6,18
3.0,2.0,4.0,3.0,2.0,1.0,14.0,0.9473684210526315,4.0,10.0,10.0,0.0,0.0,0.0,0.0,0.0,0.0,0.0,0.0,141.21131372549019,0.0,0.0,0.0,0.0,0.0,0.0,0.0,0.0,0.0,0.0,0.0,0.0,0.0,0.0,0.0,16,8,0.2,0.35,16
8.0,2.0,14.0,9.0,3.0,2.0,46.0,1.0285714285714285,9.0,13.0,10.0,0.0,0.0,0.0,0.0,0.0,0.0,0.0,0.0,0.0,0.0,0.0,0.0,0.0,0.0,0.0,0.0,0.0,0.0,0.0,0.0,0.0,0.0,0.0,0.0,4,2,0.2,0.3,30
6.0,2.0,8.0,8.0,3.0,1.0,30.0,1.0,8.0,12.0,10.0,1.0,0.0,0.0,0.0,2150.614842454395,7771096.627262046,0.0,0.0,0.0,0.0,0.0,0.0,0.0,0.0,0.0,0.0,0.0,0.0,0.0,0.0,0.0,0.0,0.0,0.0,10,10,0.2,0.35,2
6.0,2.0,8.0,6.0,4.0,1.0,30.0,1.0,8.0,12.0,10.0,1.0,0.0,0.0,0.0,2150.614842454395,7771096.627262046,0.0,0.0,0.0,0.0,0.0,0.0,0.0,0.0,0.0,0.0,0.0,0.0,0.0,0.0,0.0,0.0,0.0,0.0,6,6,0.1,0.4,12
2.0,2.0,4.0,1.0,2.0,1.0,13.0,0.9375,3.0,11.0,10.0,88.30009016229212,2790.6043638793262,0.0,0.0,2150.614842454395,7771096.627262046,8039.484585417272,6.01735050604808E7,0.0,0.0,0.0,0.0,0.0,0.0,0.0,0.0,0.0,0.0,0.0,0.0,0.0,0.0,0.0,0.0,4,7,0.2,0.4,28
4.0,2.0,4.0,3.0,3.0,1.0,15.0,0.9523809523809523,5.0,10.0,10.0,0.0,0.0,0.0,0.0,1.0,0.0,0.0,0.0,0.0,0.0,0.0,0.0,0.0,0.0,0.0,0.0,0.0,0.0,0.0,0.0,0.0,0.0,0.0,0.0,12,11,0.05,0.45,20
1.0,2.0,4.0,1.0,1.0,1.0,10.0,0.9166666666666666,2.0,10.0,10.0,3994.3950593280606,2.2797028210330687E7,0.0,0.0,0.0,0.0,0.0,0.0,0.0,0.0,0.0,0.0,0.0,0.0,0.0,0.0,0.0,0.0,0.0,0.0,0.0,0.0,0.0,0.0,7,5,0.05,0.5,1
2.0,2.0,4.0,1.0,2.0,1.0,12.0,0.9333333333333333,3.0,10.0,10.0,5123.431818181818,2.1516414423037186E7,0.0,0.0,2150.614842454395,7771096.627262046,8039.484585417272,6.01735050604808E7,0.0,0.0,0.0,0.0,0.0,0.0,0.0,0.0,0.0,0.0,0.0,0.0,0.0,0.0,0.0,0.0,7,6,0.15,0.25,18
2.0,2.0,4.0,1.0,2.0,1.0,12.0,0.9333333333333333,3.0,10.0,10.0,0.0,0.0,0.0,0.0,0.0,0.0,0.0,0.0,0.0,0.0,0.0,0.0,0.0,0.0,0.0,0.0,0.0,0.0,0.0,0.0,16.05,419.9075000000001,0.0,0.0,5,8,0.1,0.25,4
5.0,11.0,9.0,2.0,4.0,4.0,34.0,1.0,6.0,9.0,10.0,1.0,0.0,0.0,0.0,0.0,0.0,189644.83250544663,7.031769677077657E10,0.0,0.0,0.0,0.0,0.0,0.0,0.0,0.0,0.0,0.0,0.0,0.0,0.0,0.0,0.0,0.0,10,12,0.2,0.2,24
6.0,4.0,10.0,8.0,3.0,2.0,23.0,1.0,7.0,13.0,10.0,1.5,0.25,0.0,0.0,0.0,0.0,0.0,0.0,0.0,0.0,0.0,0.0,0.0,0.0,0.0,0.0,0.0,0.0,0.0,0.0,0.0,0.0,0.0,0.0,12,8,0.05,0.5,2
6.0,2.0,2.0,4.0,4.0,1.0,18.0,0.9642857142857143,7.0,9.0,10.0,0.0,0.0,0.0,0.0,3599.999763089316,2.338441232267247E7,146141.00288809216,5.841731859723747E10,0.0,0.0,0.0,0.0,0.0,0.0,0.0,0.0,2.3104719832167313,0.0,129.76577042399174,16580.623632884144,9.0,64.0,0.0,0.0,4,2,0.1,0.4,12
5.0,3.0,7.0,5.0,4.0,1.0,35.0,1.0344827586206897,12.0,17.0,10.0,4707.892388116792,2.083771752375678E7,0.0,0.0,0.0,0.0,0.0,0.0,0.0,0.0,0.0,0.0,0.0,0.0,0.0,0.0,0.0,0.0,0.0,0.0,0.0,0.0,0.0,0.0,10,5,0.2,0.2,20
4.0,2.0,2.0,2.0,3.0,1.0,14.0,0.9523809523809523,5.0,8.0,10.0,0.0,0.0,0.0,0.0,182.2139303482587,32838.48855226356,0.0,0.0,0.0,0.0,0.0,0.0,0.0,0.0,0.0,0.0,0.0,0.0,0.0,0.0,0.0,0.0,0.0,0.0,5,8,0.2,0.2,14
17.0,2.0,24.0,24.0,7.0,1.0,61.0,1.042857142857143,18.0,12.0,10.0,0.0,0.0,0.0,0.0,0.0,0.0,0.0,0.0,0.0,0.0,0.0,0.0,0.0,0.0,0.0,0.0,0.0,0.0,0.0,0.0,0.0,0.0,0.0,0.0,7,7,0.2,0.2,4
4.0,2.0,2.0,3.0,3.0,1.0,14.0,0.9473684210526315,5.0,8.0,10.0,0.0,0.0,0.0,0.0,2150.614842454395,7771096.627262046,0.0,0.0,0.0,0.0,0.0,0.0,0.0,0.0,0.0,0.0,0.0,0.0,0.0,0.0,0.0,0.0,0.0,0.0,14,11,0.05,0.35,14
3.0,5.0,11.0,7.0,2.0,1.0,35.0,1.0,4.0,18.0,10.0,0.0,0.0,2010.7279348493648,3764051.172108655,10.808135499097597,192.39904393731697,8039.484585417272,6.01735050604808E7,0.0,0.0,0.0,0.0,0.0,0.0,0.0,0.0,0.0,0.0,0.0,0.0,0.0,0.0,0.0,0.0,6,4,0.1,0.45,18
2.0,2.0,4.0,1.0,2.0,1.0,13.0,0.9375,3.0,11.0,10.0,317.8000901622921,167089.61297938725,0.0,0.0,2150.614842454395,7771096.627262046,8039.484585417272,6.01735050604808E7,0.0,0.0,0.0,0.0,0.0,0.0,0.0,0.0,0.0,0.0,0.0,0.0,0.0,0.0,0.0,0.0,9,6,0.2,0.6,2
3.0,3.0,5.0,4.0,2.0,1.0,17.0,0.9545454545454546,4.0,14.0,10.0,0.0,0.0,0.0,0.0,0.0,0.0,0.0,0.0,0.0,0.0,0.0,0.0,0.0,0.0,0.0,0.0,0.0,0.0,0.0,0.0,1.0,0.0,0.0,0.0,9,11,0.05,0.6,4
9.0,2.0,22.0,6.0,8.0,3.0,25.0,0.9807692307692307,11.0,15.0,10.0,0.0,0.0,0.0,0.0,0.0,0.0,0.0,0.0,0.0,0.0,0.0,0.0,0.0,0.0,0.0,0.0,0.0,0.0,0.0,0.0,0.0,0.0,0.0,0.0,8,5,0.15,0.3,4
2.0,2.0,4.0,1.0,2.0,1.0,13.0,0.9375,3.0,11.0,10.0,317.8000901622921,167089.61297938725,0.0,0.0,0.0,0.0,0.0,0.0,0.0,0.0,0.0,0.0,0.0,0.0,0.0,0.0,0.0,0.0,0.0,0.0,0.0,0.0,0.0,0.0,7,6,0.1,0.35,10
11.0,2.0,12.0,12.0,6.0,1.0,43.0,1.1219512195121952,15.0,10.0,10.0,0.0,0.0,0.0,0.0,0.0,0.0,0.0,0.0,0.0,0.0,0.0,0.0,0.0,0.0,0.0,0.0,0.0,0.0,0.0,0.0,0.0,0.0,0.0,0.0,10,12,0.1,0.5,1
5.0,3.0,7.0,6.0,4.0,1.0,35.0,1.0344827586206897,12.0,17.0,10.0,4707.892388116792,2.083771752375678E7,0.0,0.0,0.0,0.0,0.0,0.0,0.0,0.0,0.0,0.0,1.5,0.25,0.0,0.0,0.0,0.0,0.0,0.0,0.0,0.0,0.0,0.0,9,11,0.1,0.45,30
10.0,2.0,14.0,9.0,6.0,2.0,51.0,1.024390243902439,15.0,11.0,10.0,0.0,0.0,0.0,0.0,3.999856266768877,8.999137621272505,0.0,0.0,0.0,0.0,0.0,0.0,0.0,0.0,0.0,0.0,0.0,0.0,0.0,0.0,0.0,0.0,0.0,0.0,10,8,0.15,0.6,16
6.0,2.0,8.0,6.0,4.0,1.0,28.0,1.0,8.0,10.0,10.0,0.0,0.0,0.0,0.0,12.808039676943515,161.1676150553998,290224.5959579663,7.531070142160254E10,0.0,0.0,0.0,0.0,0.0,0.0,0.0,0.0,0.0,0.0,0.0,0.0,0.0,0.0,0.0,0.0,10,12,0.2,0.4,10
7.0,2.0,16.0,6.0,6.0,1.0,43.0,1.0208333333333333,13.0,16.0,10.0,0.0,0.0,0.0,0.0,0.0,0.0,0.0,0.0,0.0,0.0,0.0,0.0,0.0,0.0,0.0,0.0,0.0,0.0,0.0,0.0,1.5,0.25,0.0,0.0,5,10,0.1,0.2,18
10.0,2.0,14.0,3.0,10.0,1.0,43.0,1.125,15.0,13.0,10.0,0.0,0.0,0.0,0.0,0.0,0.0,0.0,0.0,0.0,0.0,0.0,0.0,0.0,0.0,0.0,0.0,0.0,0.0,0.0,0.0,0.0,0.0,0.0,0.0,16,10,0.15,0.35,20
11.0,6.0,4.0,2.0,10.0,3.0,35.0,1.069767441860465,13.0,14.0,10.0,4636.863636363636,2.1491231654958673E7,0.0,0.0,0.0,0.0,0.0,0.0,0.0,0.0,0.0,0.0,0.0,0.0,0.0,0.0,0.0,0.0,0.0,0.0,0.0,0.0,0.0,0.0,7,11,0.1,0.2,12
4.0,2.0,4.0,1.0,4.0,1.0,15.0,0.95,5.0,10.0,10.0,0.0,0.0,0.0,0.0,15.712203248646397,216.4489244294816,0.0,0.0,0.0,0.0,0.0,0.0,0.0,0.0,0.0,0.0,0.0,0.0,0.0,0.0,0.0,0.0,0.0,0.0,14,11,0.05,0.45,10
3.0,3.0,5.0,4.0,2.0,1.0,17.0,0.9545454545454546,4.0,14.0,10.0,0.0,0.0,0.0,0.0,0.0,0.0,0.0,0.0,0.0,0.0,0.0,0.0,0.0,0.0,0.0,0.0,0.0,0.0,0.0,0.0,1.0,0.0,0.0,0.0,16,12,0.15,0.5,14
26.0,2.0,6.0,32.0,11.0,1.0,81.0,1.0224719101123596,38.0,11.0,10.0,278.3302054544381,223314.09076689914,0.0,0.0,0.0,0.0,0.0,0.0,0.0,0.0,0.0,0.0,0.0,0.0,0.0,0.0,0.0,0.0,117.30981761975131,12699.38290394151,0.0,0.0,0.0,0.0,4,7,0.1,0.35,1
4.0,2.0,8.0,5.0,2.0,1.0,27.0,1.0,6.0,7.0,10.0,0.0,0.0,0.0,0.0,15.712203248646397,216.4489244294816,193577.17273014746,6.888858311422261E10,0.0,0.0,0.0,0.0,0.0,0.0,0.0,0.0,0.0,0.0,0.0,0.0,0.0,0.0,0.0,0.0,3,6,0.1,0.4,8
8.0,2.0,6.0,4.0,8.0,1.0,33.0,1.0571428571428572,10.0,12.0,10.0,0.0,0.0,0.0,0.0,0.0,0.0,0.0,0.0,0.0,0.0,0.0,0.0,0.0,0.0,0.0,0.0,0.0,0.0,0.0,0.0,0.0,0.0,0.0,0.0,18,9,0.2,0.4,28
3.0,6.0,4.0,4.0,2.0,1.0,19.0,0.9565217391304348,4.0,15.0,10.0,2087.557397398522,1.3050971818189915E7,0.0,0.0,0.0,0.0,0.0,0.0,0.0,0.0,0.0,0.0,0.0,0.0,0.0,0.0,0.0,0.0,0.0,0.0,0.0,0.0,0.0,0.0,7,5,0.05,0.25,10
6.0,2.0,2.0,6.0,3.0,1.0,18.0,0.9642857142857143,7.0,9.0,10.0,0.0,0.0,0.0,0.0,906.9490718450758,1072374.3763423318,146141.00288809216,5.841731859723747E10,0.0,0.0,0.0,0.0,0.0,0.0,0.0,0.0,2.3104719832167313,0.0,129.76577042399174,16580.623632884144,9.0,64.0,0.0,0.0,6,10,0.2,0.6,6
8.0,2.0,4.0,5.0,5.0,1.0,49.0,1.0333333333333334,9.0,10.0,10.0,0.0,0.0,1985.7240373893426,3861697.303947442,2150.614842454395,7771096.627262046,0.0,0.0,3939.6891403567947,1.5285434188494258E7,1.0,0.0,0.0,0.0,0.0,0.0,1.4942646436531026,0.3380463528577342,1.0,0.0,0.0,0.0,0.0,0.0,6,9,0.2,0.35,28
6.0,2.0,14.0,7.0,4.0,2.0,21.0,0.9705882352941176,7.0,12.0,10.0,4636.863636363636,2.1491231654958673E7,0.0,0.0,1620.5672334651192,6671173.873832279,5379.011352135895,5.427190569033385E7,0.0,0.0,0.0,0.0,0.0,0.0,0.0,0.0,1.6552359916083657,0.42933420469899825,2404.346153846154,5776072.7352071,0.0,0.0,0.0,0.0,9,9,0.2,0.2,4
5.0,6.0,9.0,4.0,4.0,1.0,29.0,1.0,6.0,16.0,10.0,0.0,0.0,0.0,0.0,15.712203248646397,216.4489244294816,0.0,0.0,0.0,0.0,0.0,0.0,0.0,0.0,0.0,0.0,0.0,0.0,0.0,0.0,1.0,0.0,0.0,0.0,6,11,0.1,0.4,28
5.0,2.0,4.0,1.0,5.0,1.0,43.0,1.0384615384615385,8.0,11.0,10.0,0.0,0.0,3950.8442128359848,0.0,2150.614842454395,7771096.627262046,15796.64289632474,0.0,7849.348228882834,0.0,0.0,0.0,0.0,0.0,0.0,0.0,0.0,0.0,0.0,0.0,0.0,0.0,0.0,0.0,5,7,0.1,0.25,14
10.0,2.0,4.0,11.0,5.0,1.0,26.0,0.975,11.0,9.0,10.0,0.0,0.0,0.0,0.0,123.80919107668507,28714.552840270033,0.0,0.0,0.0,0.0,0.0,0.0,0.0,0.0,0.0,0.0,0.0,0.0,0.0,0.0,0.0,0.0,0.0,0.0,18,9,0.15,0.45,30
4.0,2.0,4.0,1.0,4.0,1.0,17.0,0.9565217391304348,5.0,7.0,10.0,0.0,0.0,0.0,0.0,906.9490718450758,1072374.3763423318,194816.27137938494,6.8412631078852234E10,0.0,0.0,0.0,0.0,0.0,0.0,0.0,0.0,1.0,0.0,0.0,0.0,17.5,272.25,0.0,0.0,8,12,0.05,0.6,24
11.0,2.0,16.0,17.0,4.0,1.0,35.0,1.0204081632653061,12.0,12.0,10.0,0.0,0.0,0.0,0.0,0.0,0.0,0.0,0.0,0.0,0.0,0.0,0.0,0.0,0.0,0.0,0.0,0.0,0.0,0.0,0.0,0.0,0.0,0.0,0.0,12,9,0.2,0.4,10
19.0,2.0,16.0,18.0,12.0,1.0,97.0,1.1142857142857143,24.0,14.0,10.0,4196.035714285715,1.856891143239796E7,0.0,0.0,0.0,0.0,0.0,0.0,0.0,0.0,0.0,0.0,0.0,0.0,0.0,0.0,0.0,0.0,0.0,0.0,0.0,0.0,0.0,0.0,5,7,0.05,0.25,2
6.0,2.0,4.0,13.0,0.0,1.0,12.0,0.9666666666666667,9.0,9.0,10.0,0.0,0.0,0.0,0.0,6208.892620232172,7.266360438790329E7,0.0,0.0,0.0,0.0,0.0,0.0,0.0,0.0,0.0,0.0,0.0,0.0,0.0,0.0,0.0,0.0,0.0,0.0,16,12,0.2,0.35,20
13.0,2.0,26.0,6.0,13.0,2.0,91.0,1.0689655172413792,16.0,15.0,10.0,0.0,0.0,0.0,0.0,0.0,0.0,0.0,0.0,0.0,0.0,0.0,0.0,0.0,0.0,0.0,0.0,0.0,0.0,0.0,0.0,0.0,0.0,0.0,0.0,6,10,0.05,0.35,4
8.0,2.0,12.0,13.0,1.0,1.0,15.0,0.9722222222222222,9.0,11.0,10.0,0.0,0.0,0.0,0.0,363.4278606965174,0.0,0.0,0.0,0.0,0.0,0.0,0.0,0.0,0.0,0.0,0.0,0.0,0.0,0.0,0.0,0.0,0.0,0.0,0.0,4,6,0.15,0.5,18
4.0,2.0,4.0,3.0,3.0,1.0,17.0,0.9565217391304348,5.0,7.0,10.0,0.0,0.0,0.0,0.0,3599.999763089316,2.338441232267247E7,194816.27137938494,6.8412631078852234E10,0.0,0.0,0.0,0.0,0.0,0.0,0.0,0.0,66.3013383222298,2132.836911228233,0.0,0.0,6.576271186440678,54.41558939002203,0.0,0.0,5,6,0.1,0.25,30
4.0,2.0,4.0,3.0,3.0,1.0,16.0,0.9545454545454546,5.0,9.0,10.0,0.0,0.0,0.0,0.0,0.0,0.0,0.0,0.0,0.0,0.0,0.0,0.0,0.0,0.0,0.0,0.0,0.0,0.0,0.0,0.0,0.0,0.0,0.0,0.0,7,12,0.1,0.6,14
15.0,2.0,16.0,10.0,12.0,1.0,55.0,1.0806451612903225,18.0,17.0,10.0,0.0,0.0,0.0,0.0,0.0,0.0,0.0,0.0,0.0,0.0,0.0,0.0,0.0,0.0,0.0,0.0,0.0,0.0,0.0,0.0,0.0,0.0,0.0,0.0,10,9,0.1,0.5,20
6.0,2.0,12.0,9.0,3.0,1.0,31.0,1.0,8.0,10.0,10.0,0.0,0.0,0.0,0.0,0.0,0.0,0.0,0.0,0.0,0.0,0.0,0.0,0.0,0.0,0.0,0.0,0.0,0.0,20824.20819004654,1.3532831562010515E9,0.0,0.0,0.0,0.0,8,5,0.2,0.5,12
3.0,2.0,4.0,3.0,2.0,1.0,14.0,0.9473684210526315,4.0,10.0,10.0,0.0,0.0,0.0,0.0,0.0,0.0,282.3262745098039,0.0,0.0,0.0,0.0,0.0,0.0,0.0,0.0,0.0,0.0,0.0,0.0,0.0,0.0,0.0,0.0,0.0,7,11,0.05,0.4,16
12.0,4.0,12.0,15.0,4.0,1.0,36.0,1.0222222222222221,15.0,13.0,10.0,0.0,0.0,0.0,0.0,3.999856266768877,8.999137621272505,0.0,0.0,0.0,0.0,0.0,0.0,0.0,0.0,0.0,0.0,0.0,0.0,0.0,0.0,0.0,0.0,0.0,0.0,12,12,0.1,0.35,12
5.0,2.0,0.0,3.0,3.0,1.0,16.0,0.9545454545454546,6.0,7.0,10.0,0.0,0.0,0.0,0.0,0.0,0.0,0.0,0.0,0.0,0.0,0.0,0.0,0.0,0.0,0.0,0.0,0.0,0.0,0.0,0.0,0.0,0.0,1.9608475683214734,0.0,3,2,0.1,0.3,12
7.0,2.0,4.0,7.0,4.0,1.0,23.0,0.9696969696969697,8.0,11.0,10.0,0.0,0.0,0.0,0.0,0.0,0.0,0.0,0.0,0.0,0.0,219520.33333333334,2.6102245120222218E10,0.0,0.0,0.0,0.0,0.0,0.0,0.0,0.0,0.0,0.0,0.0,0.0,10,9,0.15,0.3,12
2.0,3.0,5.0,4.0,1.0,1.0,17.0,0.9473684210526315,3.0,14.0,10.0,4636.863636363636,2.1491231654958673E7,0.0,0.0,15.712203248646397,216.4489244294816,0.0,0.0,0.0,0.0,0.0,0.0,0.0,0.0,0.0,0.0,0.0,0.0,0.0,0.0,0.0,0.0,0.0,0.0,12,10,0.2,0.25,2
8.0,2.0,14.0,9.0,3.0,1.0,40.0,1.0303030303030303,9.0,11.0,10.0,0.0,0.0,0.0,0.0,0.0,0.0,0.0,0.0,0.0,0.0,0.0,0.0,0.0,0.0,0.0,0.0,0.0,0.0,0.0,0.0,0.0,0.0,0.0,0.0,14,12,0.15,0.25,28
17.0,16.0,16.0,0.0,17.0,8.0,77.0,1.0895522388059702,32.0,10.0,10.0,0.0,0.0,0.0,0.0,0.0,0.0,0.0,0.0,0.0,0.0,0.0,0.0,0.0,0.0,0.0,0.0,0.0,0.0,0.0,0.0,5.6,21.159999999999997,0.0,0.0,4,7,0.15,0.25,20
3.0,3.0,5.0,4.0,2.0,1.0,17.0,0.9545454545454546,4.0,14.0,10.0,0.0,0.0,0.0,0.0,0.0,0.0,0.0,0.0,0.0,0.0,0.0,0.0,0.0,0.0,0.0,0.0,0.0,0.0,0.0,0.0,37.733333333333334,2079.208888888889,0.0,0.0,4,5,0.1,0.6,6
5.0,2.0,12.0,5.0,4.0,1.0,19.0,0.9666666666666667,6.0,12.0,10.0,0.0,0.0,0.0,0.0,0.0,0.0,0.0,0.0,0.0,0.0,0.0,0.0,0.0,0.0,0.0,0.0,83334.48856932494,6.944251906447079E9,23.439988988805286,503.5531058177025,0.0,0.0,0.0,0.0,10,10,0.05,0.45,4
5.0,6.0,4.0,0.0,5.0,3.0,27.0,1.0,8.0,12.0,10.0,0.0,0.0,0.0,0.0,0.0,0.0,0.0,0.0,0.0,0.0,0.0,0.0,0.0,0.0,0.0,0.0,0.0,0.0,0.0,0.0,0.0,0.0,0.0,0.0,3,4,0.15,0.35,10
6.0,2.0,4.0,1.0,6.0,1.0,17.0,0.9666666666666667,7.0,13.0,10.0,0.0,0.0,0.0,0.0,0.0,0.0,0.0,0.0,0.0,0.0,0.0,0.0,0.0,0.0,0.0,0.0,0.0,0.0,0.0,0.0,0.0,0.0,0.0,0.0,9,7,0.2,0.4,2
4.0,4.0,6.0,1.0,4.0,2.0,19.0,1.0,5.0,11.0,10.0,0.0,0.0,1344.0820531872062,3398200.9111466706,1.0,0.0,0.0,0.0,0.0,0.0,0.0,0.0,0.0,0.0,0.0,0.0,0.0,0.0,0.0,0.0,0.0,0.0,0.0,0.0,7,6,0.15,0.25,12
2.0,2.0,4.0,3.0,1.0,1.0,11.0,0.9285714285714286,3.0,10.0,10.0,0.0,0.0,0.0,0.0,0.0,0.0,0.0,0.0,0.0,0.0,0.0,0.0,0.0,0.0,0.0,0.0,0.0,0.0,0.0,0.0,0.0,0.0,0.0,0.0,16,10,0.1,0.2,4
5.0,4.0,6.0,4.0,3.0,2.0,20.0,0.9629629629629629,6.0,12.0,10.0,0.0,0.0,179093.8318326554,7.755840598437883E10,0.0,0.0,0.0,0.0,0.0,0.0,0.0,0.0,0.0,0.0,0.0,0.0,0.0,0.0,0.0,0.0,0.0,0.0,0.0,0.0,4,7,0.2,0.2,16
7.0,4.0,6.0,6.0,3.0,2.0,30.0,1.0,9.0,14.0,10.0,0.0,0.0,179093.8318326554,7.755840598437883E10,0.0,0.0,0.0,0.0,0.0,0.0,0.0,0.0,0.0,0.0,0.0,0.0,0.0,0.0,0.0,0.0,0.0,0.0,0.0,0.0,9,11,0.1,0.2,24
3.0,4.0,2.0,0.0,3.0,2.0,14.0,0.9473684210526315,4.0,10.0,10.0,0.0,0.0,0.0,0.0,0.0,0.0,0.0,0.0,0.0,0.0,0.0,0.0,0.0,0.0,0.0,0.0,0.0,0.0,0.0,0.0,5.6,21.159999999999997,0.0,0.0,10,10,0.15,0.2,16
3.0,2.0,10.0,2.0,2.0,2.0,27.0,1.0,4.0,13.0,10.0,0.0,0.0,0.0,0.0,15.712203248646397,216.4489244294816,5379.011352135895,5.427190569033385E7,2673.5305535685025,1.3396604439638214E7,0.0,0.0,0.0,0.0,0.0,0.0,0.0,0.0,0.0,0.0,0.0,0.0,0.0,0.0,6,6,0.05,0.25,12
2.0,3.0,5.0,4.0,1.0,1.0,17.0,0.95,3.0,15.0,10.0,0.0,0.0,0.0,0.0,1.0,0.0,0.0,0.0,0.0,0.0,0.0,0.0,0.0,0.0,0.0,0.0,0.0,0.0,0.0,0.0,0.0,0.0,0.0,0.0,10,9,0.05,0.2,12
4.0,2.0,4.0,1.0,4.0,1.0,15.0,0.95,5.0,10.0,10.0,0.0,0.0,0.0,0.0,15.712203248646397,216.4489244294816,0.0,0.0,0.0,0.0,0.0,0.0,0.0,0.0,0.0,0.0,0.0,0.0,0.0,0.0,0.0,0.0,0.0,0.0,10,11,0.05,0.25,4
15.0,30.0,30.0,0.0,15.0,15.0,23.0,0.9876543209876543,16.0,8.0,10.0,0.0,0.0,0.0,0.0,0.0,0.0,287972.8,0.0,0.0,0.0,0.0,0.0,0.0,0.0,0.0,0.0,0.0,0.0,0.0,0.0,0.0,0.0,0.0,0.0,10,11,0.05,0.35,12
8.0,2.0,16.0,4.0,8.0,1.0,46.0,1.0232558139534884,9.0,12.0,1.0,0.0,0.0,205.34838955584866,35871.047996677764,2150.614842454395,7771096.627262046,0.0,0.0,402.49134324969657,147783.87962852197,1.0,0.0,0.0,0.0,0.0,0.0,1.4584562593747545,0.3658999875764293,1.0,0.0,0.0,0.0,0.0,0.0,10,10,0.1,0.45,16
11.0,2.0,16.0,12.0,7.0,1.0,37.0,1.02,12.0,12.0,1.0,0.0,0.0,0.0,0.0,0.0,0.0,0.0,0.0,0.0,0.0,0.0,0.0,0.0,0.0,0.0,0.0,0.0,0.0,0.0,0.0,0.0,0.0,0.0,0.0,9,7,0.05,0.3,1
2.0,3.0,5.0,2.0,2.0,1.0,16.0,0.9473684210526315,3.0,14.0,1.0,0.0,0.0,0.0,0.0,1.0,0.0,0.0,0.0,0.0,0.0,0.0,0.0,0.0,0.0,0.0,0.0,0.0,0.0,0.0,0.0,0.0,0.0,0.0,0.0,12,11,0.15,0.2,28
5.0,2.0,2.0,2.0,4.0,1.0,16.0,0.96,6.0,8.0,1.0,0.0,0.0,0.0,0.0,182.2139303482587,32838.48855226356,0.0,0.0,0.0,0.0,0.0,0.0,0.0,0.0,0.0,0.0,0.0,0.0,0.0,0.0,0.0,0.0,0.0,0.0,8,10,0.05,0.35,10
3.0,2.0,4.0,5.0,1.0,1.0,13.0,0.9411764705882353,4.0,10.0,1.0,0.0,0.0,0.0,0.0,6208.892620232172,7.266360438790329E7,0.0,0.0,0.0,0.0,0.0,0.0,0.0,0.0,0.0,0.0,0.0,0.0,0.0,0.0,0.0,0.0,0.0,0.0,6,8,0.1,0.35,2
5.0,4.0,6.0,4.0,3.0,2.0,20.0,0.9629629629629629,6.0,12.0,1.0,0.0,0.0,0.0,0.0,0.0,0.0,0.0,0.0,105762.0492312957,1.6925643862684748E10,0.0,0.0,3.5,6.25,1.524178460822966,0.0,0.0,0.0,0.0,0.0,0.0,0.0,0.0,0.0,6,3,0.15,0.5,20
7.0,2.0,4.0,6.0,5.0,1.0,22.0,1.0,8.0,14.0,1.0,1.452727684297895,0.17113601033034567,0.0,0.0,46.098626716604244,2033.88613172361,0.0,0.0,0.0,0.0,0.0,0.0,0.0,0.0,0.0,0.0,0.0,0.0,0.0,0.0,0.0,0.0,0.0,0.0,8,4,0.05,0.4,2
6.0,2.0,4.0,7.0,3.0,1.0,20.0,0.967741935483871,7.0,11.0,1.0,1.5,0.25,0.0,0.0,0.0,0.0,0.0,0.0,0.0,0.0,411600.3333333333,1.6313967226688892E11,0.0,0.0,0.0,0.0,0.0,0.0,0.0,0.0,0.0,0.0,0.0,0.0,20,11,0.05,0.45,18
5.0,2.0,4.0,3.0,4.0,1.0,18.0,0.96,6.0,11.0,1.0,0.0,0.0,0.0,0.0,0.0,0.0,0.0,0.0,0.0,0.0,0.0,0.0,0.0,0.0,0.0,0.0,0.0,0.0,0.0,0.0,3.5,6.25,0.0,0.0,20,11,0.05,0.3,6
5.0,2.0,12.0,3.0,5.0,1.0,33.0,1.0,6.0,8.0,1.0,0.0,0.0,0.0,0.0,182.2139303482587,32838.48855226356,0.0,0.0,0.0,0.0,0.0,0.0,0.0,0.0,0.0,0.0,0.0,0.0,0.0,0.0,0.0,0.0,16067.13529719482,5.1158305964516085E8,6,11,0.1,0.6,14
2.0,3.0,5.0,2.0,2.0,1.0,17.0,0.95,3.0,15.0,1.0,0.0,0.0,0.0,0.0,1.0,0.0,0.0,0.0,0.0,0.0,0.0,0.0,0.0,0.0,0.0,0.0,0.0,0.0,0.0,0.0,0.0,0.0,0.0,0.0,12,12,0.05,0.2,8
3.0,2.0,4.0,1.0,3.0,1.0,14.0,0.9473684210526315,4.0,11.0,1.0,0.0,0.0,0.0,0.0,1.0,0.0,0.0,0.0,0.0,0.0,0.0,0.0,0.0,0.0,0.0,0.0,0.0,0.0,0.0,0.0,0.0,0.0,0.0,0.0,12,9,0.15,0.4,14
3.0,2.0,4.0,3.0,2.0,1.0,15.0,0.9473684210526315,4.0,12.0,1.0,0.0,0.0,0.0,0.0,0.0,0.0,0.0,0.0,0.0,0.0,0.0,0.0,0.0,0.0,0.0,0.0,0.0,0.0,0.0,0.0,0.0,0.0,0.0,0.0,6,3,0.2,0.4,8
12.0,5.0,13.0,7.0,9.0,3.0,30.0,1.0392156862745099,20.0,12.0,1.0,1.1790915264468422,0.032073774845059994,394.74492594624246,0.0,2150.614842454395,7771096.627262046,31.63309384132006,0.0,786.9180327868852,0.0,0.0,0.0,0.0,0.0,0.0,0.0,1.0,0.0,0.0,0.0,0.0,0.0,0.0,0.0,3,4,0.15,0.45,14
15.0,6.0,19.0,11.0,10.0,2.0,34.0,1.05,22.0,9.0,1.0,1.1790915264468422,0.032073774845059994,0.0,0.0,2150.614842454395,7771096.627262046,31.63309384132006,0.0,0.0,0.0,0.0,0.0,0.0,0.0,0.0,0.0,15.131877489929925,102.8214364511349,0.0,0.0,0.0,0.0,0.0,0.0,12,9,0.05,0.2,10
10.0,3.0,15.0,15.0,4.0,1.0,34.0,1.0222222222222221,12.0,14.0,1.0,193.5483870967742,0.0,0.0,0.0,0.0,0.0,0.0,0.0,0.0,0.0,0.0,0.0,0.0,0.0,0.0,0.0,0.0,0.0,6494.006614305576,1.1430906287811677E8,0.0,0.0,0.0,0.0,2,1,0.2,0.25,12
7.0,2.0,4.0,3.0,6.0,1.0,23.0,1.0,8.0,12.0,1.0,1.452727684297895,0.17113601033034567,0.0,0.0,2150.614842454395,7771096.627262046,0.0,0.0,0.0,0.0,0.0,0.0,0.0,0.0,0.0,0.0,0.0,0.0,0.0,0.0,0.0,0.0,0.0,0.0,14,8,0.2,0.45,1
4.0,2.0,4.0,1.0,4.0,1.0,16.0,0.9545454545454546,5.0,9.0,1.0,0.0,0.0,0.0,0.0,0.0,0.0,0.0,0.0,0.0,0.0,0.0,0.0,0.0,0.0,0.0,0.0,0.0,0.0,0.0,0.0,0.0,0.0,0.0,0.0,12,6,0.2,0.6,20
4.0,2.0,4.0,1.0,4.0,1.0,18.0,0.9583333333333334,5.0,11.0,1.0,1.5,0.25,0.0,0.0,0.0,0.0,0.0,0.0,0.0,0.0,0.0,0.0,0.0,0.0,0.0,0.0,0.0,0.0,0.0,0.0,0.0,0.0,0.0,0.0,12,8,0.15,0.2,20
5.0,6.0,36.0,6.0,5.0,7.0,19.0,0.984375,6.0,15.0,1.0,0.0,0.0,0.0,0.0,0.0,0.0,7311.216159926997,1.538511392948952E8,0.0,0.0,0.0,0.0,0.0,0.0,0.0,0.0,0.0,0.0,0.0,0.0,0.0,0.0,0.0,0.0,14,8,0.15,0.25,8
7.0,2.0,4.0,3.0,6.0,1.0,22.0,0.967741935483871,8.0,10.0,1.0,1.452727684297895,0.17113601033034567,0.0,0.0,2150.614842454395,7771096.627262046,0.0,0.0,0.0,0.0,0.0,0.0,0.0,0.0,0.0,0.0,0.0,0.0,0.0,0.0,0.0,0.0,0.0,0.0,9,6,0.1,0.6,12
4.0,4.0,4.0,5.0,3.0,2.0,26.0,1.0,8.0,12.0,1.0,0.0,0.0,0.0,0.0,0.0,0.0,0.0,0.0,0.0,0.0,0.0,0.0,0.0,0.0,0.0,0.0,0.0,0.0,0.0,0.0,0.0,0.0,0.0,0.0,8,7,0.15,0.4,18
6.0,2.0,12.0,3.0,6.0,1.0,31.0,1.0,8.0,10.0,1.0,0.0,0.0,0.0,0.0,0.0,0.0,0.0,0.0,0.0,0.0,0.0,0.0,0.0,0.0,0.0,0.0,0.0,0.0,481.2692307692308,230658.53402366865,0.0,0.0,0.0,0.0,3,5,0.2,0.5,8
17.0,2.0,24.0,18.0,11.0,1.0,41.0,1.0277777777777777,18.0,12.0,1.0,0.0,0.0,0.0,0.0,0.0,0.0,0.0,0.0,0.0,0.0,0.0,0.0,0.0,0.0,0.0,0.0,0.0,0.0,14.035462912831619,169.9232933518086,0.0,0.0,0.0,0.0,12,11,0.05,0.6,2
4.0,2.0,6.0,1.0,4.0,2.0,19.0,1.0,5.0,11.0,1.0,0.0,0.0,0.0,0.0,1.0,0.0,0.0,0.0,290.1961467408623,124337.52011745528,0.0,0.0,0.0,0.0,0.0,0.0,0.0,0.0,0.0,0.0,0.0,0.0,0.0,0.0,5,5,0.2,0.45,24
10.0,2.0,14.0,3.0,10.0,1.0,43.0,1.125,15.0,13.0,1.0,0.0,0.0,0.0,0.0,0.0,0.0,0.0,0.0,0.0,0.0,0.0,0.0,0.0,0.0,0.0,0.0,0.0,0.0,0.0,0.0,0.0,0.0,0.0,0.0,4,6,0.15,0.45,18
4.0,2.0,4.0,1.0,4.0,1.0,17.0,0.9565217391304348,5.0,7.0,1.0,0.0,0.0,0.0,0.0,906.9490718450758,1072374.3763423318,160628.3636908535,5.096922999989083E10,0.0,0.0,0.0,0.0,0.0,0.0,0.0,0.0,9532.888650303481,1.7216278181084123E8,0.0,0.0,6.5,30.25,0.0,0.0,10,11,0.2,0.35,2
8.0,2.0,16.0,4.0,8.0,1.0,46.0,1.0238095238095237,9.0,12.0,1.0,0.0,0.0,205.34838955584866,35871.047996677764,6208.892620232172,7.266360438790329E7,0.0,0.0,402.49134324969657,147783.87962852197,1.0,0.0,0.0,0.0,0.0,0.0,1.4584562593747545,0.3658999875764293,1.0,0.0,0.0,0.0,0.0,0.0,4,7,0.2,0.5,10
3.0,3.0,5.0,2.0,3.0,1.0,19.0,0.9565217391304348,4.0,14.0,1.0,0.0,0.0,0.0,0.0,182.2139303482587,32838.48855226356,0.0,0.0,0.0,0.0,0.0,0.0,0.0,0.0,0.0,0.0,0.0,0.0,0.0,0.0,6.5,30.25,0.0,0.0,2,4,0.2,0.6,28
3.0,2.0,4.0,3.0,2.0,1.0,14.0,0.9473684210526315,4.0,10.0,1.0,0.0,0.0,0.0,0.0,0.0,0.0,0.0,0.0,80.00333333333333,0.0,0.0,0.0,0.0,0.0,0.0,0.0,0.0,0.0,0.0,0.0,0.0,0.0,0.0,0.0,5,9,0.2,0.3,8
8.0,2.0,14.0,9.0,5.0,2.0,46.0,1.0285714285714285,9.0,13.0,1.0,0.0,0.0,0.0,0.0,0.0,0.0,0.0,0.0,0.0,0.0,0.0,0.0,0.0,0.0,0.0,0.0,0.0,0.0,0.0,0.0,0.0,0.0,0.0,0.0,8,6,0.2,0.45,18
6.0,2.0,8.0,2.0,6.0,1.0,30.0,1.0,8.0,12.0,1.0,1.0,0.0,0.0,0.0,2150.614842454395,7771096.627262046,0.0,0.0,0.0,0.0,0.0,0.0,0.0,0.0,0.0,0.0,0.0,0.0,0.0,0.0,0.0,0.0,0.0,0.0,6,3,0.1,0.35,10
6.0,2.0,8.0,2.0,6.0,1.0,30.0,1.0,8.0,12.0,1.0,1.0,0.0,0.0,0.0,2150.614842454395,7771096.627262046,0.0,0.0,0.0,0.0,0.0,0.0,0.0,0.0,0.0,0.0,0.0,0.0,0.0,0.0,0.0,0.0,0.0,0.0,7,9,0.05,0.35,8
2.0,2.0,4.0,1.0,2.0,1.0,13.0,0.9375,3.0,11.0,1.0,15.81174317593661,80.81074889902554,0.0,0.0,2150.614842454395,7771096.627262046,869.7357862802462,503769.52181059634,0.0,0.0,0.0,0.0,0.0,0.0,0.0,0.0,0.0,0.0,0.0,0.0,0.0,0.0,0.0,0.0,12,9,0.2,0.6,2
4.0,2.0,4.0,3.0,3.0,1.0,15.0,0.9523809523809523,5.0,10.0,1.0,0.0,0.0,0.0,0.0,1.0,0.0,0.0,0.0,0.0,0.0,0.0,0.0,0.0,0.0,0.0,0.0,0.0,0.0,0.0,0.0,0.0,0.0,0.0,0.0,20,10,0.15,0.4,20
