1.0,0.0,0.0,0.0,1.0,0.0,4.0,0.8,2.0,3.0,122.0,6,10,0.15,0.45,20
1.0,0.0,0.0,0.0,1.0,0.0,4.0,0.8,2.0,3.0,12350.0,10,12,0.1,0.35,30
1.0,0.0,0.0,0.0,1.0,0.0,4.0,0.8,2.0,3.0,12659.0,8,8,0.15,0.5,32
1.0,0.0,0.0,0.0,1.0,0.0,4.0,0.8,2.0,3.0,12398.0,10,6,0.05,0.45,50
1.0,0.0,0.0,0.0,1.0,0.0,4.0,0.8,2.0,3.0,13204.0,14,8,0.05,0.5,40
1.0,0.0,0.0,0.0,1.0,0.0,4.0,0.8,2.0,3.0,1246.0,18,10,0.1,0.35,36
1.0,0.0,0.0,0.0,1.0,0.0,4.0,0.8,2.0,3.0,1401.0,7,9,0.1,0.3,40
1.0,0.0,0.0,0.0,1.0,0.0,4.0,0.8,2.0,3.0,3035.0,6,6,0.15,0.4,28
1.0,0.0,0.0,0.0,1.0,0.0,4.0,0.8,2.0,3.0,12324.0,12,10,0.2,0.4,42
1.0,0.0,0.0,0.0,1.0,0.0,4.0,0.8,2.0,3.0,12482.0,16,14,0.05,0.35,54
1.0,0.0,0.0,0.0,1.0,0.0,4.0,0.8,2.0,3.0,14110.0,10,10,0.1,0.45,60
1.0,0.0,0.0,0.0,1.0,0.0,4.0,0.8,2.0,3.0,123094.0,8,6,0.05,0.3,36
1.0,0.0,0.0,0.0,1.0,0.0,4.0,0.8,2.0,3.0,123294.0,8,10,0.1,0.4,44
1.0,0.0,0.0,0.0,1.0,0.0,4.0,0.8,2.0,3.0,124856.0,20,12,0.15,0.35,58
2.0,0.0,0.0,0.0,1.0,0.0,4.0,0.8,2.0,4.0,507.0,16,12,0.2,0.35,8
2.0,0.0,0.0,0.0,1.0,0.0,4.0,0.8,2.0,4.0,1083.0,7,8,0.1,0.25,30
2.0,0.0,0.0,0.0,1.0,0.0,4.0,0.8,2.0,4.0,3964.0,10,12,0.1,0.4,36
2.0,0.0,0.0,0.0,1.0,0.0,4.0,0.8,2.0,4.0,2043.0,12,16,0.2,0.45,40
2.0,0.0,0.0,0.0,1.0,0.0,4.0,0.8,2.0,4.0,19331.0,12,16,0.05,0.2,48
2.0,0.0,0.0,0.0,1.0,0.0,4.0,0.8,2.0,4.0,315.0,8,8,0.15,0.6,30
